2613, 0.054436744832497254
562, 0.05368333880786405
963, 0.05303279854703158
1818, 0.052584637350875645
987, 0.05226546853273361
1082, 0.0515212255360463
2521, 0.05112422500595805
1800, 0.050891597325525624
657, 0.050484052506508746
2442, 0.04993136214716167
2033, 0.04963218286449679
2499, 0.049301337930006246
2497, 0.04912833546952787
678, 0.04902571637305346
1708, 0.04900188567878464
1072, 0.04869834084556148
2028, 0.04851184768390825
1614, 0.04797495222159434
1073, 0.047950639430891395
1092, 0.047565965135965255
1944, 0.0474789657968442
2837, 0.04726911767042366
1086, 0.047251176167062744
2368, 0.0471079198951565
1081, 0.04676333644383982
1802, 0.04649028060298407
2692, 0.04643327117179097
201, 0.046235294348339805
1615, 0.046173884594939756
981, 0.04588154629985195
2615, 0.04580454078695296
2698, 0.04567168572591918
2054, 0.04554281758931992
2881, 0.045512129597385605
2695, 0.045323686438210845
2419, 0.045148128009557156
2544, 0.045010123934004984
975, 0.0449985043830588
2490, 0.04493203994216313
2022, 0.04476145368420295
1065, 0.044674650282776764
1295, 0.044632680699163464
2562, 0.044598834386017944
2016, 0.044503929793641386
2786, 0.04446015737679255
1075, 0.0442606733520973
2537, 0.04418736633653972
2835, 0.04403029253963135
2566, 0.04387699162413969
976, 0.043821968168682154
2109, 0.043786604589437395
2453, 0.0433291945448228
1820, 0.04328176081996516
1670, 0.04321533484143978
1063, 0.0422274053979537
1298, 0.042169446511751835
1099, 0.04201882297584066
2517, 0.04190059232330219
1935, 0.041813227274536145
2557, 0.04176623543439325
1995, 0.04141029508177253
2069, 0.04128040726575644
2180, 0.04090426271197915
1057, 0.04084914244115819
2496, 0.0407858323257284
799, 0.04073292208737104
1750, 0.04060101978373757
526, 0.04057108315093359
1616, 0.04036310779111718
1925, 0.04035428169667068
2607, 0.04029206448144837
1023, 0.039879504598406036
1108, 0.03982155626129406
2423, 0.03967005579425035
2041, 0.03958552959448631
1154, 0.03958377557641458
821, 0.03919829281200448
2836, 0.03919766556201857
2832, 0.03918814339836591
736, 0.03891169539623652
1817, 0.03858966629930729
2390, 0.03855951999579868
2349, 0.038544980112121215
194, 0.03841480261198569
1330, 0.03840101440053655
1263, 0.03839889977107535
2614, 0.03832466175356531
1105, 0.03828637648915937
2412, 0.03815584065425857
867, 0.03813774625825859
779, 0.03812910917537268
2740, 0.03791043037271004
2681, 0.03783850779471298
534, 0.037630511841527985
2358, 0.037562070688131194
2753, 0.037509488366767756
1289, 0.03709608241924215
2776, 0.037050462994013704
2382, 0.03702479277417785
2347, 0.036944211202372984
2179, 0.03675398006214007
1022, 0.03661327233953574
414, 0.03659723478126581
2408, 0.036559879445497864
2717, 0.036381787819015875
1135, 0.036267309710811706
115, 0.03626051701913032
2632, 0.03612098366330778
761, 0.03603756401348615
2495, 0.035926029834762986
2637, 0.03567356914088361
813, 0.03566600801515991
1365, 0.03563969385807546
2567, 0.03560070831214233
1005, 0.03551003531384496
2431, 0.035355759091038635
1379, 0.03521945401555806
1908, 0.0351280867690779
1803, 0.03504338609492427
2263, 0.03501102426266034
1940, 0.0349085677279187
2720, 0.03487029687517557
2523, 0.03467012168165128
2425, 0.03464374929964694
2008, 0.034525659248569485
714, 0.034495589498669
1958, 0.0344116159391426
2055, 0.034318928963718714
1665, 0.03425760710510501
2880, 0.03420168068390418
2043, 0.03417377188929285
827, 0.03411042693776741
1832, 0.03407956021624232
608, 0.033998298336424454
1645, 0.03394645760036385
945, 0.033888783065625254
1783, 0.03381685861150729
528, 0.03379511614829037
2860, 0.03367862957907919
954, 0.03367601051215249
1864, 0.03353120962670085
554, 0.033464898855022115
2459, 0.03336930475352189
2709, 0.033366479182460516
2260, 0.033303490142892425
2264, 0.033137736814325594
990, 0.033122431043191645
1199, 0.03304674676896298
584, 0.0330351113276283
2551, 0.032974409190304435
1324, 0.03297402187713595
2610, 0.03293847912452596
839, 0.03293373857893523
2883, 0.03253620350980487
2409, 0.032335942925636164
1141, 0.03226536345041936
2778, 0.03217750582881176
2719, 0.03215319529567841
1962, 0.032111593725124774
1642, 0.03189375622099037
1754, 0.031825102782398064
374, 0.03180364160726633
1948, 0.03175731508591676
2034, 0.03172382201540409
982, 0.03161755082730268
965, 0.0316142934400562
1807, 0.031578888271459646
1372, 0.031560228244640214
2363, 0.03138461711743548
2032, 0.03130836026135767
413, 0.03130186778296276
2364, 0.031298772230444166
527, 0.03128361378548554
2076, 0.031220153240480757
2420, 0.03119563885829581
2422, 0.03119473082281573
2479, 0.031179068361596018
2540, 0.031018448339706798
576, 0.03084738626996813
589, 0.03082868162224034
2857, 0.030818786226769413
679, 0.030777656757831746
2528, 0.03075995585377094
1256, 0.03063884574490274
2838, 0.03062191080849319
1810, 0.030615823374593714
2426, 0.03059201190339718
2625, 0.030489722891682162
989, 0.030430180998481545
760, 0.03028958863614631
1136, 0.03021798774330155
2370, 0.02993114549083791
2461, 0.029861465585962275
607, 0.02966406355020009
1251, 0.029656490050683628
1790, 0.029654884713120954
2550, 0.02963498680382775
1302, 0.029555551766889804
1054, 0.029479787345116186
734, 0.029411070655179818
2006, 0.029378985946991593
1641, 0.02937052419516596
2198, 0.029356680821384797
1156, 0.02934849536820135
2389, 0.02929115282427303
205, 0.029246782531489518
2781, 0.029181742989246685
633, 0.02915422267839688
606, 0.029124362798798653
2564, 0.029123873931046106
2711, 0.02898254011249161
1895, 0.02895235436411207
746, 0.02886373937862608
637, 0.02886258278193888
574, 0.02883157808665726
565, 0.028801087931679584
2277, 0.028749494002710707
1043, 0.028734666891229745
639, 0.0287322836225017
1922, 0.028609316956774922
1649, 0.02858528568419596
556, 0.028351937010211454
2432, 0.02818806308453762
1815, 0.028161966904579474
952, 0.028050209495544286
2195, 0.027587311935987624
529, 0.0275445710821334
415, 0.02749734396835026
2653, 0.02748429676164928
538, 0.027447494372187874
1138, 0.027442066398964682
1778, 0.027418499183183464
650, 0.027397947058722453
1112, 0.027363067332335653
643, 0.027342987352710523
826, 0.027326156650309668
2536, 0.027318647513514777
1608, 0.02728626776738233
2879, 0.027246976726151687
970, 0.02724274245324518
2606, 0.027057205275716444
2870, 0.02702942568546429
500, 0.027001364240052228
2359, 0.026993304018427835
2604, 0.026976685924590828
1061, 0.026874370983923347
1246, 0.026831407005190794
2471, 0.026716371008033694
2129, 0.02667978316771418
523, 0.026621668724635845
628, 0.026483619338208673
802, 0.02642476957581604
129, 0.026406971944936353
2636, 0.026386107694251124
1194, 0.026359550920667663
2715, 0.02631992292461538
2411, 0.026214799729708645
1359, 0.026197508243031197
668, 0.026147025193046798
1281, 0.026104396423695223
2325, 0.026034998937228587
2158, 0.0259931261153943
1659, 0.02598537932041342
209, 0.02591780237466007
120, 0.025874436703317582
1651, 0.025605453068612172
619, 0.025593986682822742
2643, 0.025560458536956217
2148, 0.02555741393917803
434, 0.02549466017039325
2627, 0.025468015590499805
55, 0.02540377856168274
1032, 0.025358903267520657
2839, 0.025293120426368786
1186, 0.025275403220264874
1024, 0.02523423989105218
2527, 0.025209316812928585
1640, 0.025194426756022167
2353, 0.025136420571587728
1001, 0.025095290897448577
2666, 0.025047494588556287
1755, 0.02497994843737275
635, 0.024956621709015688
2631, 0.024835992879124164
2590, 0.024714261487131704
644, 0.024666857385673528
1879, 0.02462588414318087
1957, 0.024614293741774065
798, 0.024539768756986758
762, 0.02442456780661727
2846, 0.02440967826061976
621, 0.02433799835078218
1636, 0.024248203813927387
2727, 0.024076226336940572
128, 0.024061743859315313
921, 0.024046040799355194
1316, 0.023984068175111187
1362, 0.023977277586112435
1599, 0.02396947649394818
745, 0.02392972304093151
1809, 0.02382278502636726
1885, 0.02379413938209586
2058, 0.023762466703535993
2787, 0.023712888853430914
1333, 0.023623146306822954
667, 0.023511368840987163
1967, 0.023470034985425273
1878, 0.02334970585482639
2489, 0.02314585248597246
2354, 0.023128620581876456
829, 0.022908142344737408
1845, 0.02289813261415862
2396, 0.022856350607360743
2873, 0.022813421048636297
856, 0.02281318548854604
2380, 0.022792769294723503
1347, 0.022743131849875503
531, 0.022657944820543653
2689, 0.022588955412610807
2159, 0.02255524151734304
1795, 0.022405515254491103
649, 0.022387667768617874
1797, 0.022192656641255783
979, 0.02216772430746289
686, 0.02212651742752583
385, 0.02211127672900144
539, 0.021961726688250877
105, 0.021862461982730858
1770, 0.021677676972483472
967, 0.021673598613045603
245, 0.02162585249268109
638, 0.02161923761714493
2703, 0.02161454517738969
609, 0.02156903836924358
2721, 0.021561424164946788
1373, 0.021422819862402884
1956, 0.021399682665837534
1369, 0.021280767184249594
1830, 0.02127574645728671
383, 0.021089414013788162
2291, 0.02106850766611709
583, 0.021067415796988828
2878, 0.02105003464313315
1918, 0.02095170297196372
17, 0.020643884577332287
769, 0.020598069265704573
2834, 0.020493617158035812
2571, 0.02034693521135292
1097, 0.020333509684437198
1949, 0.02028041492717301
896, 0.02026221150378975
2694, 0.02025848217900435
2612, 0.020213118692743014
1371, 0.020172896061638884
2229, 0.02008833142406364
2271, 0.020055423850751528
187, 0.01990089230431423
2710, 0.01988573880394778
2369, 0.01988021740364605
2650, 0.019878808648586283
2018, 0.01975816480844743
127, 0.01970946077219375
1305, 0.01970048069406956
2428, 0.019654298783569696
992, 0.0196081117294927
2157, 0.01950114933677423
898, 0.019489703887272548
2586, 0.019462754488396867
749, 0.019384124620633963
2424, 0.019366466758672908
1782, 0.019316077520523965
594, 0.01929065547068802
1319, 0.01927381846184509
123, 0.01926956357487154
391, 0.01922980631253341
2714, 0.019185708271233563
2675, 0.019085826155850347
718, 0.01907564594037601
2465, 0.019049265070408626
2306, 0.01902549864644491
590, 0.018992312828508003
2626, 0.018901036900143726
1975, 0.018900187718472242
1852, 0.018849294506380683
84, 0.01884301384375803
2090, 0.018683380523337376
2538, 0.018680109821901027
2348, 0.01862826030190559
2688, 0.01861695314832786
2410, 0.01860550620236916
112, 0.018549275505360816
1366, 0.018483202256709998
796, 0.01842983624466534
122, 0.01842076784230467
1163, 0.01829183657678363
81, 0.01826456829470411
2414, 0.018196561225216058
2352, 0.01812676632844656
400, 0.017919183232926378
1893, 0.01791263379197115
2847, 0.017905225733165102
2638, 0.017877536476929787
103, 0.01786673357052166
830, 0.017824380406247998
578, 0.017789753923017876
1760, 0.017742459091908615
1648, 0.017721564078957964
998, 0.017705357829005706
1067, 0.017684659040775843
2403, 0.017648868242105417
2007, 0.017527966251305642
651, 0.017499069778900873
1909, 0.01746459006904467
2882, 0.017436178554262435
2366, 0.017418312810990925
2401, 0.017303959166247246
2247, 0.017265378504856817
1976, 0.017234102033046657
1921, 0.017216523950328196
1814, 0.01707024617617071
1877, 0.017044223212618816
2441, 0.017042494264437387
2373, 0.016957667171878348
2775, 0.016950976443033245
306, 0.016860296111740645
2365, 0.01684938884431979
1157, 0.016727649918196325
1822, 0.016632259165107632
953, 0.016601826326941065
495, 0.016582239802696266
2869, 0.016565812046414947
1360, 0.016552143803102992
181, 0.016506673440986247
2779, 0.016478255158536806
1287, 0.016427128514594356
947, 0.01642685668737658
485, 0.016343229956909892
1020, 0.016340876254718854
1749, 0.016328891294648658
126, 0.016074385336453192
2750, 0.01605035222493902
691, 0.01602440268938256
1950, 0.01596870854844029
441, 0.015931887554558936
735, 0.015911723638023453
2214, 0.015790052156122808
2085, 0.015770247927924384
2056, 0.015770126747052145
1030, 0.015756893684117982
900, 0.015751319787889483
1271, 0.01565399321644568
2284, 0.015647467886852142
1880, 0.01564552489260618
207, 0.015615377461912354
384, 0.015523366610050132
2001, 0.015492962695866681
693, 0.015390754140501573
2341, 0.015351507065953503
253, 0.015329303546005075
1124, 0.015306639016093155
2084, 0.015147570773273894
2413, 0.015139427474364952
2691, 0.01513112280250271
2098, 0.015110402519578283
2897, 0.014953596691185718
1122, 0.014927036406875108
82, 0.014885166359295912
2513, 0.014797980465755148
124, 0.014741022873702742
1849, 0.014697033913407924
646, 0.014621618241747786
2697, 0.014570467845502756
694, 0.014569938749863861
2257, 0.014460537669214941
2683, 0.014457579480092873
2240, 0.014437693751017545
879, 0.014375509880800299
1826, 0.014350097581290808
59, 0.014328122509038312
2898, 0.014321047106002193
1821, 0.014307228216336815
754, 0.01422848625212411
2485, 0.014189337720404257
2782, 0.014170808256729527
1239, 0.014149417505550934
2326, 0.014146787480480922
486, 0.014120678967346709
2732, 0.013993403349564684
2009, 0.013930961446278072
2307, 0.013788523921254141
1162, 0.013739222487032072
555, 0.013737743247419167
559, 0.013640832090988484
995, 0.01360825591930983
2674, 0.013529518431501282
1335, 0.01349734389339556
1650, 0.013398463263385643
1326, 0.013384896713181101
2516, 0.013234669391405841
2784, 0.013234342930524931
2568, 0.013163554549829924
2563, 0.012987622952281893
2811, 0.012976889812040026
525, 0.012972851996782457
2728, 0.0129646189506597
991, 0.012947642684409923
2733, 0.012906117963645145
1987, 0.012892630939982781
1364, 0.012794746906351039
1757, 0.012752844684082679
5, 0.012742214191873165
771, 0.012643736429443123
1683, 0.012620623704512434
1046, 0.01260446858973353
88, 0.012562194590980522
922, 0.012515565496220512
501, 0.01251386310063099
2200, 0.012509733559284876
2405, 0.01234744689303197
1623, 0.012313991953886895
743, 0.012244116889353743
757, 0.01210146682408877
1257, 0.01200594327153507
914, 0.0119897231757146
1756, 0.011925795232144872
85, 0.011920645790489988
1839, 0.011915333849814714
94, 0.011856607746814435
2046, 0.011847932846512085
97, 0.011806161881146145
1798, 0.011720815301670011
1710, 0.011682378893991898
2646, 0.011552699492064422
99, 0.011486278783999363
1382, 0.011453349333776043
1752, 0.011386330467566945
1370, 0.011282243387997437
2070, 0.011138974281676383
2679, 0.011083167865702404
1884, 0.011054114362692054
2397, 0.0109828102190168
2072, 0.010856272332475337
1682, 0.010804396270279574
1706, 0.010781707943826472
2207, 0.010692410495424262
1306, 0.010674407076771412
1495, 0.010631204087490019
2011, 0.010595611513251205
571, 0.010390530527622571
1982, 0.010371084500162444
2262, 0.010274862579171509
814, 0.010197530687695517
871, 0.010161002254108068
1888, 0.010054598877525191
1361, 0.010023217471621656
2456, 0.009922009217451433
907, 0.009914706567385665
2777, 0.009850871873745148
474, 0.009617656347179815
15, 0.009602546379615214
2672, 0.009367133037418195
2738, 0.009333960861188493
579, 0.009308640641183115
1193, 0.00930134511839213
1207, 0.00923558562143877
2278, 0.009219127367412334
1705, 0.00908366622083511
915, 0.009073483429075765
2526, 0.008610491820296785
388, 0.00836770262824612
76, 0.008076677534849152
31, 0.007989181858792643
412, 0.007571293840031603
919, 0.007512664094290072
1288, 0.007304179359012822
2274, 0.007248062396675494
658, 0.007245123346073797
2575, 0.007165244036084145
1127, 0.007079359746175674
870, 0.006997264781474412
540, 0.006908477236350399
2673, 0.006848815396658085
1625, 0.006749851257909373
553, 0.006725779927484101
2743, 0.006422715324003302
1963, 0.006178947193710801
1751, 0.006178586884021844
90, 0.006104188939075062
378, 0.006043332663741539
855, 0.00576351201084328
2283, 0.005419970329405117
598, 0.00529765633789912
2101, 0.005169946391412489
1438, 0.004963746842574251
497, 0.00484545180101037
13, 0.004634989180420462
1577, 0.00457371322953991
1796, 0.004454209487302579
2699, 0.003217699457911392
