2593, 0.0458556411857463
1035, 0.0458160892912366
2174, 0.04505595744968907
2594, 0.04497669401743719
2660, 0.04329119944409525
2171, 0.043271824287104015
2600, 0.04306265458088307
1315, 0.042597557074998425
2119, 0.04243004057862648
2597, 0.04230263970287433
2126, 0.04224600186416935
2599, 0.04221141170013246
729, 0.04126889263675503
2173, 0.040667247494128575
2118, 0.03988032848848808
2254, 0.03927870902087911
1085, 0.039265319607179945
2124, 0.038433005187573914
1337, 0.03832687133525698
2558, 0.037791472995741225
1095, 0.03776718206737765
1992, 0.0377544166141031
1915, 0.03768746501868654
1313, 0.03748983607560669
480, 0.03712262216804736
1841, 0.037058082784078815
1943, 0.037058082784078815
2074, 0.03705808278407881
1917, 0.03705808278407881
1939, 0.03705808278407881
1991, 0.03705808278407881
2075, 0.03705808278407881
1851, 0.037058082784078794
511, 0.03705808278407879
459, 0.03705808278407879
2244, 0.03705808278407879
2243, 0.03705808278407879
2506, 0.03705808278407878
566, 0.03705808278407878
2449, 0.03705808278407878
2511, 0.03705808278407878
1779, 0.03705808278407878
2438, 0.03705808278407878
688, 0.03705808278407878
2492, 0.03705808278407878
1060, 0.03705808278407878
2460, 0.03705808278407878
2585, 0.03705808278407877
1775, 0.03705808278407877
2580, 0.03705808278407877
2546, 0.03705808278407877
2656, 0.03705808278407877
1923, 0.03704715310843579
1911, 0.03704715310843578
1955, 0.03704715310843578
2457, 0.03704376586710394
1931, 0.03702655261315784
1671, 0.03701323788955565
1602, 0.03699636008376155
2522, 0.03699575830220624
2746, 0.03697693464071104
1834, 0.03685961730881706
2584, 0.036829363956924606
1094, 0.036798727550244534
1255, 0.036798727550244534
1352, 0.036798727550244534
2197, 0.03679212448249857
1267, 0.03678342096897705
2115, 0.0367669136583734
2520, 0.036657497095790956
2475, 0.03665749709579095
2556, 0.03665749709579094
1788, 0.03665749709579094
2498, 0.03665749709579094
2507, 0.03665749709579094
1905, 0.036657497095790935
2573, 0.036657497095790935
1838, 0.036657497095790935
671, 0.036657497095790935
1934, 0.036657497095790935
1994, 0.03665749709579093
2065, 0.03665749709579093
1611, 0.03665749709579092
1774, 0.036657497095790914
1675, 0.03665491174914977
791, 0.036652785957567775
806, 0.03665278595756776
1947, 0.036637957767325036
2036, 0.03663258755719617
1965, 0.03663039464966758
1941, 0.03661708670029691
1961, 0.036600926527193524
2601, 0.036546496881587946
2440, 0.03653271681098225
2394, 0.036532716810982246
2078, 0.03650020933169042
1345, 0.036393784696696
2063, 0.03633048091860067
705, 0.036305925994544304
2064, 0.03625973780731766
811, 0.036258720462412686
2500, 0.036136332961980676
2504, 0.036094912810880134
1312, 0.03596511482601764
1188, 0.03595725695425409
1914, 0.03575935121530874
2501, 0.0357463660584946
1898, 0.03573390392583268
2609, 0.03568337164124763
2662, 0.03546853430166376
2598, 0.03546853430166376
2657, 0.03546853430166376
2071, 0.03546853430166375
1900, 0.035468534301663746
2469, 0.03546853430166374
1977, 0.03546853430166374
2273, 0.03546853430166374
1937, 0.03546853430166374
1970, 0.03546853430166374
2478, 0.03546853430166374
2287, 0.03546853430166373
2450, 0.03546853430166373
2439, 0.03546853430166373
2060, 0.03546853430166373
960, 0.035468534301663725
819, 0.035468534301663725
918, 0.035468534301663725
2327, 0.035468534301663725
917, 0.035468534301663725
685, 0.03546853430166372
586, 0.03546853430166372
466, 0.03546853430166372
449, 0.03546853430166372
447, 0.03546853430166372
1028, 0.03546853430166372
470, 0.03546853430166371
460, 0.03546853430166371
423, 0.03546853430166371
575, 0.03546853430166371
1700, 0.0354685343016637
1780, 0.0354685343016637
1791, 0.03546853430166369
1773, 0.03546853430166369
675, 0.035465558139172716
2268, 0.035464938330350554
2451, 0.03546457842574518
781, 0.035459390076795154
2587, 0.03545935962386812
1953, 0.035453118693948224
1901, 0.035453118693948224
2013, 0.035453118693948224
1919, 0.03544775026295718
2577, 0.03543087591246784
2346, 0.03542932411867363
1928, 0.03541958253695654
1668, 0.0354194493113347
2077, 0.035416209222489385
457, 0.03540964584132242
2665, 0.03540179442027636
1932, 0.035400321867896364
861, 0.03539795806381193
1669, 0.0353905310117827
2602, 0.0353890620344834
1912, 0.035386517225544305
1978, 0.03537319554237554
1969, 0.03535034620738799
2266, 0.03534785051659944
1927, 0.03530065921133494
2448, 0.03529111117495972
432, 0.0352758484415702
2435, 0.035273987210748974
1617, 0.03526994956046382
1103, 0.035181110046511435
1143, 0.03518111004651143
1354, 0.03518111004651142
1340, 0.03517928069506514
1268, 0.035176901526533855
1676, 0.03516856118853836
2542, 0.035154846778441114
1189, 0.03514754400410907
1096, 0.03514299703158922
1088, 0.03513110142669646
1889, 0.03512443861584566
764, 0.03509627911542426
1111, 0.035067575814797775
1129, 0.03502875433932588
1891, 0.034937586967760836
2661, 0.03488395187290761
2696, 0.03484893537975128
2335, 0.03482467496977722
1378, 0.03479956555714813
513, 0.03473917587564512
1842, 0.034705232347001874
1968, 0.03470523234700185
2472, 0.03470523234700185
1945, 0.03470523234700185
2168, 0.03470523234700185
2505, 0.03470523234700185
2061, 0.03470523234700185
2391, 0.03470523234700185
1907, 0.03470523234700185
2655, 0.034705232347001846
2595, 0.034705232347001846
2747, 0.034705232347001846
2494, 0.034705232347001846
2664, 0.034705232347001846
2553, 0.034705232347001846
2529, 0.034705232347001846
2446, 0.034705232347001846
2251, 0.034705232347001846
2508, 0.034705232347001846
2545, 0.034705232347001846
1620, 0.03470523234700183
512, 0.034705232347001826
684, 0.034705232347001826
1776, 0.034705232347001826
458, 0.03470523234700182
570, 0.03470523234700181
1695, 0.03470166880084997
2659, 0.03470039605464372
2608, 0.034699321836656555
2582, 0.034696801568502404
1071, 0.034695128812509725
674, 0.0346929330403452
2012, 0.03468718870921328
2252, 0.03468433420819211
2253, 0.03468433420819211
809, 0.03467973720274172
2578, 0.034667042102684335
2481, 0.03466464612718017
775, 0.034660125332523564
2242, 0.03465864834307362
1667, 0.03465817896102533
1666, 0.03465817896102533
1929, 0.03465300833680197
1930, 0.03464254494365738
1835, 0.034634028572641286
2392, 0.03462287800511056
1933, 0.03462116533384203
2603, 0.03461736710155931
2454, 0.034617367101559306
1959, 0.034617367101559306
2445, 0.0346173671015593
2543, 0.034616603287971316
2199, 0.034602017028591066
1687, 0.034601948111217765
1601, 0.03458923421363419
2581, 0.034575617834593585
564, 0.03457190686019361
1799, 0.03456302704664481
450, 0.034533018424561225
831, 0.03452880584008142
2583, 0.03452342895324563
2552, 0.03449492725954771
1964, 0.03447916410020423
1074, 0.03445310979081155
1093, 0.03440044642155742
1266, 0.03440044642155742
2576, 0.034346676130830235
2503, 0.03433557355289649
2493, 0.03422153087376298
2027, 0.034215259132165096
463, 0.03418129746938858
1677, 0.03403581103490822
2559, 0.03399857860227705
818, 0.03397108091073614
1029, 0.03365865614912928
2555, 0.03361494272716976
2447, 0.033580229405755
2114, 0.03351344182119781
1098, 0.03338092889302537
1339, 0.033321425914685086
2238, 0.033171836005212466
1786, 0.033167415688941604
783, 0.03315887376401493
2826, 0.03314337884485049
1990, 0.033133278327821224
422, 0.033081702087715936
568, 0.03305800950383911
2658, 0.033050951373142255
1604, 0.03268167808344835
1828, 0.032645830172694505
1603, 0.03254065420660903
1777, 0.03241093253227188
454, 0.03239106419551904
676, 0.032354295842107
473, 0.03231074074693945
724, 0.032290336683516135
1924, 0.03225925831910686
2502, 0.03221455312458795
1993, 0.03210031895346125
986, 0.03206621660684787
959, 0.03197255805112266
2059, 0.03174865248918655
2549, 0.03173890042284666
1966, 0.031659464588503675
2531, 0.03163663354173015
2467, 0.03161144460674062
2756, 0.031598233389578866
699, 0.03146833939035802
782, 0.03143606775212852
810, 0.03133207306019134
1906, 0.031294152879012015
577, 0.030933501750021748
2663, 0.030829498939587873
2079, 0.030823289450374432
1952, 0.03077595533299518
2765, 0.030757766536887683
2377, 0.03075100664001098
1920, 0.030694176841374043
2014, 0.030648160913821172
2280, 0.030574973692062326
401, 0.030512120228185863
2328, 0.030502098287678536
1654, 0.030341737632256713
1310, 0.03023850824123782
1672, 0.030187966939873793
2687, 0.030090841326113765
2250, 0.029978569557883524
778, 0.02993762761514147
977, 0.029910385495038695
2722, 0.02989502644035424
1187, 0.029882084200715447
2433, 0.02964382690496459
706, 0.029635268006070817
1689, 0.02959102627798168
1698, 0.02959043047663487
2518, 0.02958474132755688
1621, 0.029415324548476986
1693, 0.029297733601947033
572, 0.029231997835382273
751, 0.029211656241252167
2062, 0.029205759606975152
786, 0.029093016586991205
1833, 0.0290891924441639
1829, 0.029026751759620602
2241, 0.028924424935932978
471, 0.028780172216671618
1250, 0.028648868086729833
1981, 0.02851465440884169
2383, 0.028436099580473228
747, 0.02839675240773481
687, 0.02829308689997959
956, 0.02825199788427653
1836, 0.028215097978821713
2823, 0.027789208484189778
2344, 0.027653706930166708
1787, 0.027614016712692875
1942, 0.027581130588972855
1329, 0.027443267519279415
703, 0.02742337816878246
2434, 0.02739140016976071
2167, 0.02739025746741192
1890, 0.02727442332553666
1613, 0.027253486851305884
1077, 0.02725164292179402
1910, 0.027245135692248127
1265, 0.027223076973785683
1126, 0.027164825018075853
1000, 0.027103988751183954
1972, 0.02661139820300586
913, 0.026557205780646735
2470, 0.026457850005344948
1664, 0.026219134174498056
2285, 0.026131032419100784
632, 0.026109518217864867
1904, 0.02605423168782741
2322, 0.02600576682571652
2387, 0.026001754197734577
1674, 0.02586716042348815
600, 0.02544971987601931
750, 0.025444411840886045
2289, 0.02543239475681742
2745, 0.025400052013584765
2680, 0.024606951706907833
716, 0.024595952014244554
1632, 0.02454524602033308
2754, 0.024477788465747826
1946, 0.02447456706940762
1980, 0.02441358393468383
2452, 0.02440471443947816
1827, 0.02429050867439172
1309, 0.024255890293384534
1234, 0.024213774931416174
604, 0.024169338084749102
820, 0.024164434759175523
2429, 0.024145008413671645
483, 0.024097766626337377
2092, 0.0238914860755955
2569, 0.023882783313581783
958, 0.023828876248866364
1104, 0.02348094667414325
805, 0.023472371144174276
2225, 0.0234593366753261
2376, 0.023457062277763816
1853, 0.02344450418279021
465, 0.023403858528912556
2125, 0.02338679466587274
1196, 0.02338451535547704
2759, 0.023178237602813623
431, 0.023132297424862835
752, 0.023127144366998115
2068, 0.023118935934418647
2554, 0.02284392461186754
978, 0.02240612270026399
2226, 0.022340789097708244
1055, 0.021964110292205553
1600, 0.021789877021699263
2616, 0.021664470656064
2031, 0.021605236658287164
669, 0.021590876060501134
2757, 0.02146641240434192
1069, 0.021465807536382893
1688, 0.021332511461212407
2245, 0.02123184676051723
514, 0.02122211279323439
402, 0.021171900760849186
863, 0.021083090751248517
427, 0.02105426875687157
444, 0.02096171638053213
803, 0.020946700106619438
807, 0.02083979421755459
2175, 0.020787877778632544
2515, 0.02054275796980706
733, 0.02046831972968629
1979, 0.02025305391857466
1350, 0.020218024359458367
1843, 0.020084583716723912
1570, 0.020074906137626594
1120, 0.01999939139728177
243, 0.019954612433250706
200, 0.019954612433250703
1034, 0.019895610915869257
2053, 0.019872786006910115
727, 0.01982624298894797
202, 0.019638202257209362
373, 0.019590291787652453
2296, 0.0195785790141212
1903, 0.019572364032972876
860, 0.019553321414858157
1346, 0.0193900798438872
244, 0.01907037494588206
1569, 0.019053310409727537
1610, 0.01904029872063276
251, 0.01902936592029298
195, 0.01902936592029297
255, 0.01902851936966841
1996, 0.018926241497473743
2298, 0.018769972953507512
726, 0.018719379190676184
2749, 0.01871113959448413
704, 0.018706148787563142
859, 0.01838468179996545
631, 0.01837625689065658
371, 0.018316538626938297
372, 0.018255340941051506
2239, 0.01797986586188461
1772, 0.017950244024110655
581, 0.017835269577720723
2123, 0.017753408156277004
2848, 0.01752487383988902
1027, 0.017502363405949305
1052, 0.017366951822942962
1680, 0.017272910229653864
1121, 0.017062969500987665
1926, 0.016813673002000366
912, 0.016802790357307317
1064, 0.016783820423487375
1894, 0.01649530377272199
1398, 0.016478237592465104
603, 0.016214770697645677
2246, 0.016114405506084863
2379, 0.015857589715707318
477, 0.015684089556155318
1314, 0.015620603845712676
2821, 0.015518802913988418
1393, 0.015457324171724822
299, 0.015401128415862506
1395, 0.015212332143378183
1396, 0.015033028463699598
1428, 0.014890472554377716
70, 0.014380308461879003
2122, 0.013905562379678382
1609, 0.013818295295521362
1390, 0.013603967569930117
2755, 0.01347660301307275
725, 0.01330611862329409
895, 0.013238259957716299
117, 0.013179982504212854
2176, 0.01315715059310668
1571, 0.013153412585225005
1709, 0.012794907540122863
2295, 0.012682644097021663
300, 0.012283396151982165
1753, 0.012160358520795963
1338, 0.012092177942425288
2237, 0.01171700908635594
71, 0.011656614174398566
2110, 0.011453416274175864
881, 0.011412597976700656
2127, 0.01135614262562947
1381, 0.011201664379382602
1872, 0.011189840355055115
2161, 0.01104343363516187
517, 0.010931751741306393
1123, 0.010907283238142971
2297, 0.010651732556060764
2337, 0.01055125718775587
777, 0.010527312544424093
1572, 0.010476316422397275
426, 0.01047474885537313
1391, 0.010462784733015434
2321, 0.010437629567820966
1397, 0.010321037327890576
484, 0.010086715229483036
2234, 0.010010609232041709
57, 0.009694405997509306
585, 0.009573652761897323
2702, 0.009401458294087199
707, 0.009398647998584267
2468, 0.009130837123961974
2227, 0.008776138094941406
1299, 0.008617035779422544
487, 0.008447382787676264
1764, 0.008409776747402183
2047, 0.008194882597208675
1031, 0.008066219897435854
411, 0.00792599819583608
2258, 0.007858519357880003
260, 0.00784897323913101
2868, 0.006980253180067289
2310, 0.006802985443190145
787, 0.0067669336595210395
812, 0.006748611751290006
2086, 0.006735567629196344
1427, 0.006722321231235475
2374, 0.006702740795589876
2308, 0.006624513811268336
768, 0.006455132375127567
2305, 0.0061641194827587445
728, 0.005804201596848727
1195, 0.005666605554731401
237, 0.005464581979888676
2309, 0.005414241992458527
1139, 0.005277117046904895
2768, 0.005236870957886764
2313, 0.00446339418885703
2303, 0.0042233265056287736
1282, 0.003120273533612197
862, 0.0029961145975590715
515, 0.0029707916168362474
104, 0.002537190806922712
1426, 0.0023147716808319028
2236, 0.00226255241920071
2874, 0.0022520241551121905
557, 0.001833482345607347
2224, 0.0016382469342747566
1404, 0.0015682783757374208
496, 0.001371919864799413
266, 0.0013273089687890788
1343, 0.0009574801708993726
162, 0.0008374831188347098
1392, 0.0006170927547294496
2121, 0.0004020642146614303
23, 0.00034225804727760817
111, 4.297183403409359e-05
1394, -0.0002846677200039479
1388, -0.0007012268538881015
1565, -0.0007940205737715591
179, -0.0008606013051620276
36, -0.0011292540719304892
119, -0.0012850761871853694
238, -0.0016556245266150476
1322, -0.0018162109244163002
1283, -0.002357209543918302
